static sfloat Kinf_data[NINPUTS*NSTATES] = {
  -0.114173f,0.116585f,0.102398f,-0.104809f,
  0.112349f,0.109939f,-0.107718f,-0.114570f,
  0.292487f,0.292487f,0.292487f,0.292487f,
  -0.292346f,-0.278803f,0.274828f,0.296320f,
  -0.300866f,0.305372f,0.256506f,-0.261012f,
  -0.164833f,0.270863f,-0.534809f,0.428780f,
  -0.069354f,0.070579f,0.060555f,-0.061779f,
  0.067790f,0.065426f,-0.064321f,-0.068895f,
  0.090898f,0.090898f,0.090898f,0.090898f,
  -0.040118f,-0.034821f,0.034615f,0.040324f,
  -0.043559f,0.043842f,0.029718f,-0.030001f,
  -0.084483f,0.104540f,-0.154034f,0.133978f,
};
static sfloat Pinf_data[NSTATES*NSTATES] = {
  19308.976658f,-20.305121f,-0.000000f,60.467745f,8175.928853f,1204.780291f,3510.718747f,-13.231492f,-0.000000f,10.040773f,96.567593f,297.369827f,
  -20.305121f,19288.758671f,0.000000f,-8107.921040f,-60.479559f,-470.823843f,-13.232994f,3496.569098f,0.000000f,-82.720650f,-10.042505f,-116.971720f,
  -0.000000f,0.000000f,73880.135065f,-0.000000f,-0.000000f,-0.000000f,-0.000000f,0.000000f,13778.508684f,-0.000000f,-0.000000f,-0.000000f,
  60.467745f,-8107.921040f,-0.000000f,19205.400520f,189.099709f,1641.387679f,40.517000f,-4642.589214f,-0.000000f,215.170373f,34.875313f,438.592382f,
  8175.928853f,-60.479559f,-0.000000f,189.099709f,19443.206828f,4180.168772f,4691.278591f,-40.520232f,-0.000000f,34.877251f,268.371587f,1110.384284f,
  1204.780291f,-470.823843f,-0.000000f,1641.387679f,4180.168772f,209670.869527f,857.948497f,-336.247065f,-0.000000f,381.585632f,963.847217f,17245.522153f,
  3510.718747f,-13.232994f,-0.000000f,40.517000f,4691.278591f,857.948497f,1535.168450f,-8.760189f,-0.000000f,7.143114f,60.365712f,221.004206f,
  -13.231492f,3496.569098f,0.000000f,-4642.589214f,-40.520232f,-336.247065f,-8.760189f,1525.133339f,0.000000f,-49.891610f,-7.143356f,-87.154869f,
  -0.000000f,0.000000f,13778.508684f,-0.000000f,-0.000000f,-0.000000f,-0.000000f,0.000000f,4277.001380f,-0.000000f,-0.000000f,-0.000000f,
  10.040773f,-82.720650f,-0.000000f,215.170373f,34.877251f,381.585632f,7.143114f,-49.891610f,-0.000000f,31.060718f,9.515787f,136.215730f,
  96.567593f,-10.042505f,-0.000000f,34.875313f,268.371587f,963.847217f,60.365712f,-7.143356f,-0.000000f,9.515787f,48.145869f,342.538094f,
  297.369827f,-116.971720f,-0.000000f,438.592382f,1110.384284f,17245.522153f,221.004206f,-87.154869f,-0.000000f,136.215730f,342.538094f,5879.042227f,
};
static sfloat Quu_inv_data[NINPUTS*NINPUTS] = {
  0.002428f,0.000000f,0.000103f,-0.000001f,
  0.000000f,0.002419f,-0.000000f,0.000111f,
  0.000103f,-0.000000f,0.002424f,0.000003f,
  -0.000001f,0.000111f,0.000003f,0.002418f,
};
static sfloat AmBKt_data[NSTATES*NSTATES] = {
  1.000000f,-0.000000f,0.000000f,0.000000f,0.000039f,0.000000f,0.002000f,-0.000000f,0.000000f,0.000000f,0.000000f,0.000000f,
  -0.000000f,1.000000f,-0.000000f,-0.000039f,-0.000000f,-0.000000f,-0.000000f,0.002000f,-0.000000f,-0.000000f,-0.000000f,-0.000000f,
  -0.000000f,0.000000f,0.999990f,-0.000000f,-0.000000f,-0.000000f,-0.000000f,0.000000f,0.001997f,0.000000f,-0.000000f,-0.000000f,
  0.000007f,0.000129f,-0.000000f,0.999669f,0.000018f,0.000054f,0.000004f,0.000077f,-0.000000f,0.000957f,0.000002f,0.000010f,
  -0.000127f,-0.000007f,0.000000f,0.000018f,0.999673f,0.000151f,-0.000076f,-0.000004f,0.000000f,0.000002f,0.000957f,0.000028f,
  0.000008f,-0.000003f,-0.000000f,0.000007f,0.000019f,0.999984f,0.000005f,-0.000002f,-0.000000f,0.000001f,0.000002f,0.000996f,
  -0.000002f,-0.000000f,0.000000f,0.000000f,0.039236f,0.000002f,0.999999f,-0.000000f,0.000000f,0.000000f,0.000019f,0.000000f,
  -0.000000f,-0.000002f,0.000000f,-0.039236f,-0.000000f,-0.000001f,-0.000000f,0.999999f,-0.000000f,-0.000019f,-0.000000f,-0.000000f,
  -0.000000f,0.000000f,-0.009838f,-0.000000f,-0.000000f,-0.000000f,-0.000000f,0.000000f,0.996943f,0.000000f,-0.000000f,-0.000000f,
  0.014873f,0.257347f,-0.000000f,-0.661128f,0.036224f,0.108571f,0.008653f,0.154213f,-0.000000f,0.913274f,0.004392f,0.020627f,
  -0.254942f,-0.014850f,0.000000f,0.036150f,-0.654027f,0.302513f,-0.152652f,-0.008638f,0.000000f,0.004382f,0.914406f,0.056902f,
  0.015107f,-0.005337f,-0.000000f,0.013744f,0.038576f,-0.032496f,0.009024f,-0.003203f,-0.000000f,0.001774f,0.004928f,0.992164f,
};
static sfloat coeff_d2p_data[NSTATES*NINPUTS] = {
  0.543173f,-0.523220f,-0.883010f,1.564914f,1.657138f,1.352614f,0.303134f,-0.287599f,-0.387645f,0.027209f,0.041960f,0.397700f,
  -0.546427f,-0.495995f,-0.883010f,1.432870f,-1.657799f,-1.210724f,-0.302924f,-0.265460f,-0.387645f,0.007258f,-0.037070f,-0.335583f,
  -0.468820f,0.493582f,-0.883010f,-1.434894f,-1.330935f,0.836832f,-0.249389f,0.266150f,-0.387645f,-0.012189f,-0.004588f,0.176752f,
  0.472074f,0.525632f,-0.883010f,-1.562889f,1.331596f,-0.978722f,0.249178f,0.286909f,-0.387645f,-0.022278f,-0.000302f,-0.238870f,
};
static sfloat Q_data[NSTATES*NSTATES] = {
  100.000000f,0.000000f,0.000000f,0.000000f,0.000000f,0.000000f,0.000000f,0.000000f,0.000000f,0.000000f,0.000000f,0.000000f,
  0.000000f,100.000000f,0.000000f,0.000000f,0.000000f,0.000000f,0.000000f,0.000000f,0.000000f,0.000000f,0.000000f,0.000000f,
  0.000000f,0.000000f,400.000000f,0.000000f,0.000000f,0.000000f,0.000000f,0.000000f,0.000000f,0.000000f,0.000000f,0.000000f,
  0.000000f,0.000000f,0.000000f,4.000000f,0.000000f,0.000000f,0.000000f,0.000000f,0.000000f,0.000000f,0.000000f,0.000000f,
  0.000000f,0.000000f,0.000000f,0.000000f,4.000000f,0.000000f,0.000000f,0.000000f,0.000000f,0.000000f,0.000000f,0.000000f,
  0.000000f,0.000000f,0.000000f,0.000000f,0.000000f,1111.111111f,0.000000f,0.000000f,0.000000f,0.000000f,0.000000f,0.000000f,
  0.000000f,0.000000f,0.000000f,0.000000f,0.000000f,0.000000f,4.000000f,0.000000f,0.000000f,0.000000f,0.000000f,0.000000f,
  0.000000f,0.000000f,0.000000f,0.000000f,0.000000f,0.000000f,0.000000f,4.000000f,0.000000f,0.000000f,0.000000f,0.000000f,
  0.000000f,0.000000f,0.000000f,0.000000f,0.000000f,0.000000f,0.000000f,0.000000f,4.000000f,0.000000f,0.000000f,0.000000f,
  0.000000f,0.000000f,0.000000f,0.000000f,0.000000f,0.000000f,0.000000f,0.000000f,0.000000f,2.040816f,0.000000f,0.000000f,
  0.000000f,0.000000f,0.000000f,0.000000f,0.000000f,0.000000f,0.000000f,0.000000f,0.000000f,0.000000f,2.040816f,0.000000f,
  0.000000f,0.000000f,0.000000f,0.000000f,0.000000f,0.000000f,0.000000f,0.000000f,0.000000f,0.000000f,0.000000f,25.000000f,
};
static sfloat R_data[NINPUTS*NINPUTS] = {
  144.000000f,0.000000f,0.000000f,0.000000f,
  0.000000f,144.000000f,0.000000f,0.000000f,
  0.000000f,0.000000f,144.000000f,0.000000f,
  0.000000f,0.000000f,0.000000f,144.000000f,
};
static sfloat A_data[NSTATES*NSTATES] = {
  1.000000f,0.000000f,0.000000f,0.000000f,0.000000f,0.000000f,0.000000f,0.000000f,0.000000f,0.000000f,0.000000f,0.000000f,
  0.000000f,1.000000f,0.000000f,0.000000f,0.000000f,0.000000f,0.000000f,0.000000f,0.000000f,0.000000f,0.000000f,0.000000f,
  0.000000f,0.000000f,1.000000f,0.000000f,0.000000f,0.000000f,0.000000f,0.000000f,0.000000f,0.000000f,0.000000f,0.000000f,
  0.000000f,-0.000039f,0.000000f,1.000000f,0.000000f,0.000000f,0.000000f,-0.039240f,0.000000f,0.000000f,0.000000f,0.000000f,
  0.000039f,0.000000f,0.000000f,0.000000f,1.000000f,0.000000f,0.039240f,0.000000f,0.000000f,0.000000f,0.000000f,0.000000f,
  0.000000f,0.000000f,0.000000f,0.000000f,0.000000f,1.000000f,0.000000f,0.000000f,0.000000f,0.000000f,0.000000f,0.000000f,
  0.002000f,0.000000f,0.000000f,0.000000f,0.000000f,0.000000f,1.000000f,0.000000f,0.000000f,0.000000f,0.000000f,0.000000f,
  0.000000f,0.002000f,0.000000f,0.000000f,0.000000f,0.000000f,0.000000f,1.000000f,0.000000f,0.000000f,0.000000f,0.000000f,
  0.000000f,0.000000f,0.002000f,0.000000f,0.000000f,0.000000f,0.000000f,0.000000f,1.000000f,0.000000f,0.000000f,0.000000f,
  0.000000f,-0.000000f,0.000000f,0.001000f,0.000000f,0.000000f,0.000000f,-0.000020f,0.000000f,1.000000f,0.000000f,0.000000f,
  0.000000f,0.000000f,0.000000f,0.000000f,0.001000f,0.000000f,0.000020f,0.000000f,0.000000f,0.000000f,1.000000f,0.000000f,
  0.000000f,0.000000f,0.000000f,0.000000f,0.000000f,0.001000f,0.000000f,0.000000f,0.000000f,0.000000f,0.000000f,1.000000f,
};

static sfloat B_data[NSTATES*NINPUTS] = {
  -0.000000f,0.000000f,0.000008f,-0.000275f,-0.000277f,0.000020f,-0.000004f,0.000004f,0.008409f,-0.550709f,-0.553414f,0.039495f,
  0.000000f,0.000000f,0.000008f,-0.000303f,0.000304f,-0.000007f,0.000004f,0.000004f,0.008409f,-0.606468f,0.608557f,-0.014447f,
  0.000000f,-0.000000f,0.000008f,0.000276f,0.000278f,-0.000028f,0.000004f,-0.000004f,0.008409f,0.551325f,0.555139f,-0.055688f,
  -0.000000f,-0.000000f,0.000008f,0.000303f,-0.000305f,0.000015f,-0.000004f,-0.000004f,0.008409f,0.605852f,-0.610282f,0.030639f,
};
